4294967278,106
4294967278,102
4294967278,101
4294967278,100
4294967278,97
4294967278,94
4294967278,90
4294967278,89
4294967278,87
4294967278,86
4294967278,85
4294967278,216
4294967278,99
4294967278,215
33,2
4294967278,98
4294967278,213
4294967278,210
4294967278,96
4294967278,209
4294967278,95
4294967278,294
4294967278,93
4294967278,292
4294967278,290
4294967279,306
4294967279,301
4294967278,547
4294967279,383
4294967278,188
4294967278,569
4294967279,382
4294967279,354
4294967279,183
4294967279,337
4294967278,183
4294967279,381
4294967278,535
4294967279,363
4294967279,178
4294967278,534
4294967279,351
4294967279,380
4294967279,350
4294967278,125
4294967278,123
4294967278,122
4294967278,119
4294967278,118
4294967278,117
4294967278,116
4294967278,111
4294967278,110
4294967278,109
4294967278,108
4294967279,173
4294967278,107
4294967278,568
4294967279,336
4294967279,171
4294967279,334
4294967279,299
4294967279,348
4294967279,379
4294967279,349
4294967279,165
4294967279,163
4294967279,297
4294967278,567
4294967279,320
4294967279,296
4294967279,332
4294967279,156
4294967279,342
4294967279,286
4294967279,293
4294967279,149
4294967279,292
4294967279,285
4294967279,144
4294967279,328
4294967294,73
4294967294,18
4294967294,123
4294967294,14
4294967294,122
4294967294,20
4294967294,13
4294967279,362
4294967279,140
4294967279,344
35,2
4294967279,273
4294967279,343
4294967294,7
4294967279,325
4294967279,133
4294967294,419
4294967294,50
4294967294,51
4294967294,468
4294967294,908
4294967294,86
4294967294,968
4294967294,81
4294967278,130
4294967278,124
4294967278,120
4294967278,299
4294967278,115
4294967278,114
4294967278,113
4294967278,112
4294967278,295
4294967278,105
4294967278,104
4294967278,103
4294967278,92
4294967278,91
4294967278,84
4294967278,83
4294967278,82
4294967278,81
4294967278,80
4294967278,79
4294967278,77
4294967278,76
4294967278,75
4294967278,73
4294967278,72
4294967278,65
4294967278,64
4294967278,63
4294967278,62
4294967278,61
4294967278,60
4294967278,59
4294967278,56
4294967279,74
4294967279,73
4294967279,72
4294967279,71
4294967279,70
4294967279,69
4294967279,68
4294967279,67
4294967279,66
4294967279,65
4294967279,64
4294967279,63
4294967279,62
4294967279,61
4294967279,60
4294967279,59
4294967279,58
4294967279,57
4294967279,56
4294967279,55
4294967279,54
4294967279,53
4294967279,52
4294967279,51
4294967279,50
4294967279,49
4294967279,48
4294967279,47
4294967279,46
4294967279,45
4294967279,44
4294967279,43
4294967279,42
4294967279,41
4294967279,40
4294967279,39
4294967279,38
4294967279,37
4294967279,36
4294967279,35
4294967279,34
4294967279,33
4294967279,32
4294967279,31
4294967279,30
4294967279,29
4294967279,28
4294967279,27
4294967279,26
4294967279,25
4294967279,24
4294967279,23
4294967279,22
4294967279,21
4294967279,20
4294967279,19
4294967279,18
4294967279,17
4294967279,16
4294967279,13
4294967279,11
4294967279,10
4294967279,9
4294967279,7
4294967279,14
4294967279,15
4294967279,369
4294967279,360
4294967294,49
4294967294,420
4294967279,264
4294967279,12
4294967279,262
4294967279,8
4294967279,289
4294967279,6
4294967279,321
4294967294,11
33,4
4294967279,5
4294967279,280
35,4
27,4
31,4
4294967279,378
4294967279,4
4294967278,132
4294967278,309
4294967278,131
4294967278,308
4294967278,251
4294967278,129
4294967278,250
4294967278,128
4294967278,306
4294967278,127
4294967278,305
38,4
4294967294,912
4294967294,143
4294967294,932
4294967294,931
4294967294,929
4294967294,923
4294967294,145
4294967294,59
4294967294,12
4294967294,79
4294967294,66
4294967294,17
4294967278,126
4294967278,247
4294967294,5
4294967294,90
4294967294,91
4294967294,92
4294967294,93
4294967294,384
4294967294,0
4294967294,183
4294967294,103
4294967294,65
4294967294,1
4294967294,25
4294967294,80
4294967294,87
4294967294,85
4294967294,82
4294967294,408
4294967294,184
4294967294,26
4294967294,940
4294967294,29
4294967294,910
4294967294,28
4294967294,911
4294967294,27
4294967294,415
4294967294,43
4294967294,42
4294967278,304
4294967294,6
4294967279,377
0,5
4294967278,566
4294967279,376
4294967279,0
4294967278,565
4294967278,539
4294967278,0
4294967278,121
4294967294,9
4294967294,8
38,5
4294967278,564
4294967279,375
4294967278,563
38,3
38,2
38,1
38,0
4294967279,374
4294967278,562
4294967279,373
37,4
37,3
37,2
37,1
37,0
4294967278,561
4294967278,560
4294967279,372
